0.145368
0.249442
0.249442
0.249442
0.249442
0.249442
0.249442
0.249442
0.249442
0.249442
0.251395
0.249442
0.249442
0.249442
0.249442
0.249442
0.249442
0.249442
0.249442
0.249442
0.249442
0.249442
0.249442
0.249442
0.249442
0.249442
0.249442
0.249442
0.249442
0.249442
0.249442
0.249442
0.249442
0.249442
0.249442
0.249442
0.249442
0.249442
0.249442
0.249442
0.249442
0.249442
0.249442
0.249442
0.249442
0.249442
0.249442
0.249442
0.249442
0.249442
0.249442
0.249442
0.249442
0.249442
0.249442
0.249442
0.249442
0.249442
0.249442
0.249442
0.249442
0.249442
0.249442
0.249442
0.249442
0.250279
0.249442
0.249442
0.249442
0.25
0.248884
0.249442
0.254464
0.249442
0.25
0.249442
0.249442
0.25
0.25
0.249442
0.253627
0.252511
0.249442
0.253348
0.254185
0.256696
0.26144
0.26144
0.253906
0.252511
0.259766
0.254743
0.254743
0.258371
0.269531
0.256696
0.264788
0.268973
0.259208
0.274554
0.280971
0.270368
0.273996
0.272042
0.271484
0.278739
0.277902
0.276786
0.278739
0.294085
0.291853
0.30106
0.286551
0.296317
0.289342
0.302734
0.301339
0.300781
0.310268
0.317243
0.3125
0.313337
0.31808
0.317522
0.320592
0.322824
0.318638
0.325056
0.325893
0.32673
0.323103
0.334542
0.331752
0.331752
0.339565
0.3351
0.341797
0.333426
0.332031
0.33231
0.335658
0.336217
0.33817
0.341518
0.347098
0.337891
0.348214
0.33231
0.34375
0.341518
0.339007
0.34096
0.360491
0.342355
0.353237
0.350725
0.351004
0.349609
0.353795
0.351004
0.349609
0.363281
0.356027
0.354632
0.358817
0.349609
0.354353
0.358538
0.353237
0.349609
0.341797
0.353795
0.341518
0.351562
0.34933
0.351283
0.361886
0.35798
0.356585
0.352121
0.358259
0.364397
0.363281
0.350725
0.356864
0.363002
0.359375
0.36635
0.354353
0.359654
0.361328
0.35519
0.362444
0.354911
0.361328
0.357422
0.365513
0.34096
0.357143
0.351842
